Episode, Steps, Reward, Time (in milliseconds)
1, 729, -83.59999999999957, 451
2, 729, -114.29999999999737, 847
3, 729, -94.39999999999915, 448
4, 729, -98.89999999999891, 912
5, 729, -115.19999999999882, 423
6, 729, -94.39999999999921, 830
7, 729, -72.80000000000014, 304
8, 729, -81.79999999999977, 411
9, 729, -82.69999999999945, 534
10, 729, -85.49999999999955, 589
11, 729, -76.39999999999988, 206
12, 729, -72.80000000000014, 273
13, 436, -49.00000000000041, 291
14, 729, -72.80000000000014, 330
15, 729, -84.4999999999994, 328
16, 729, -72.80000000000014, 257
17, 729, -74.60000000000004, 383
18, 729, -175.39999999999839, 323
19, 729, -116.09999999999789, 330
20, 729, -116.89999999999814, 415
21, 729, -74.60000000000004, 314
22, 729, -76.49999999999987, 526
23, 729, -100.89999999999895, 485
24, 729, -102.59999999999994, 333
25, 729, -79.99999999999966, 302
26, 729, -87.49999999999979, 308
27, 729, -87.19999999999949, 499
28, 729, -79.09999999999968, 438
29, 729, -94.39999999999924, 484
30, 729, -139.39999999999748, 399
31, 729, -304.0000000000019, 661
32, 729, -97.9999999999989, 380
33, 729, -84.4999999999993, 430
34, 729, -73.70000000000007, 680
35, 729, -91.0999999999994, 482
36, 729, -72.80000000000014, 363
37, 729, -118.69999999999894, 467
38, 729, -101.59999999999926, 418
39, 532, -71.89999999999996, 900
40, 729, -72.80000000000014, 750
41, 722, -103.29999999999956, 894
42, 729, -72.80000000000014, 943
43, 729, -86.69999999999932, 1187
44, 613, -77.39999999999986, 1059
45, 729, -337.40000000000055, 947
46, 729, -92.69999999999999, 487
47, 729, -114.99999999999808, 681
48, 729, -87.1999999999991, 748
49, 729, -72.80000000000014, 443
50, 729, -82.19999999999962, 1053
51, 729, -77.29999999999983, 654
52, 729, -85.39999999999974, 1054
53, 729, -215.89999999999733, 1020
54, 499, -62.800000000000445, 573
55, 729, -72.80000000000014, 473
56, 400, -39.9000000000003, 672
57, 729, -72.80000000000014, 711
58, 729, -75.50000000000004, 590
59, 729, -78.19999999999975, 725
60, 729, -83.59999999999944, 626
61, 729, -87.10000000000002, 645
62, 729, -77.29999999999981, 546
63, 729, -73.70000000000007, 726
64, 729, -94.3999999999991, 489
65, 560, -111.89999999999876, 707
66, 729, -81.79999999999954, 628
67, 349, -43.800000000000225, 693
68, 729, -82.69999999999952, 954
69, 729, -112.39999999999911, 696
70, 729, -81.19999999999953, 643
71, 729, -72.80000000000014, 846
72, 729, -80.09999999999971, 742
73, 729, -89.09999999999943, 533
74, 193, -21.000000000000036, 883
75, 634, -69.00000000000028, 533
76, 729, -104.29999999999814, 691
77, 729, -103.59999999999883, 507
78, 729, -92.09999999999903, 576
79, 729, -81.79999999999959, 626
80, 217, -24.500000000000036, 661
81, 729, -150.1999999999975, 764
82, 729, -86.49999999999932, 583
83, 528, -57.40000000000049, 714
84, 729, -87.79999999999933, 450
85, 729, -102.49999999999886, 558
86, 305, -60.300000000000146, 630
87, 228, -34.40000000000021, 635
88, 729, -81.49999999999952, 569
89, 110, -13.799999999999978, 554
90, 389, -41.70000000000028, 705
91, 729, -81.79999999999949, 744
92, 720, -99.99999999999889, 493
93, 729, -72.80000000000014, 581
94, 190, -18.9, 731
95, 729, -79.99999999999976, 599
96, 729, -72.80000000000014, 521
97, 323, -51.70000000000037, 527
98, 323, -34.000000000000185, 758
99, 313, -39.80000000000017, 570
100, 281, -38.80000000000022, 667
101, 729, -81.79999999999991, 741
102, 729, -72.80000000000014, 749
103, 729, -99.79999999999885, 502
104, 729, -72.80000000000014, 652
105, 200, -27.100000000000115, 634
106, 729, -87.1999999999995, 595
107, 334, -34.2000000000002, 645
108, 525, -159.69999999999862, 489
109, 293, -29.200000000000145, 550
110, 372, -39.000000000000256, 548
111, 127, -13.499999999999972, 763
112, 729, -77.29999999999984, 613
113, 729, -79.09999999999977, 552
114, 328, -33.60000000000019, 586
115, 445, -57.90000000000034, 530
116, 729, -72.80000000000014, 567
117, 667, -66.60000000000049, 752
118, 330, -38.700000000000195, 516
119, 476, -64.60000000000035, 519
120, 211, -44.70000000000007, 633
121, 729, -94.39999999999908, 505
122, 358, -78.99999999999947, 474
123, 729, -84.49999999999949, 385
124, 729, -84.59999999999945, 629
125, 729, -73.70000000000014, 517
126, 297, -32.50000000000015, 552
127, 134, -13.299999999999969, 586
128, 246, -29.200000000000106, 634
129, 729, -142.69999999999789, 641
130, 666, -70.10000000000025, 447
131, 277, -29.500000000000156, 509
132, 729, -75.49999999999994, 516
133, 256, -25.500000000000092, 602
134, 729, -104.29999999999907, 519
135, 586, -66.00000000000043, 539
136, 106, -10.499999999999979, 829
137, 729, -73.70000000000007, 619
138, 729, -77.39999999999985, 621
139, 729, -88.09999999999907, 527
140, 158, -83.39999999999975, 563
141, 667, -66.60000000000049, 558
142, 265, -29.100000000000147, 600
143, 729, -72.80000000000014, 610
144, 729, -74.60000000000004, 461
145, 129, -18.200000000000003, 597
146, 729, -82.69999999999956, 573
147, 133, -14.099999999999966, 753
148, 261, -54.300000000000175, 687
149, 729, -72.80000000000014, 817
150, 101, -9.99999999999998, 929
151, 729, -93.09999999999962, 504
152, 280, -37.20000000000021, 604
153, 87, -8.599999999999985, 802
154, 311, -41.10000000000019, 623
155, 323, -38.500000000000284, 512
156, 729, -77.29999999999984, 554
157, 175, -22.80000000000007, 548
158, 229, -23.70000000000007, 727
159, 729, -102.49999999999888, 505
160, 729, -72.80000000000014, 691
161, 241, -72.59999999999961, 598
162, 116, -11.499999999999975, 879
163, 729, -191.59999999999778, 645
164, 419, -44.50000000000037, 881
165, 729, -86.99999999999949, 759
166, 246, -24.500000000000078, 719
167, 201, -27.200000000000074, 743
168, 284, -28.300000000000132, 650
169, 326, -38.000000000000256, 889
170, 229, -31.50000000000005, 623
171, 427, -46.20000000000033, 800
172, 324, -32.30000000000019, 777
173, 315, -35.90000000000021, 590
174, 131, -18.8, 732
175, 182, -19.000000000000004, 845
176, 204, -20.30000000000002, 806
177, 729, -84.9999999999994, 691
178, 137, -16.499999999999975, 807
179, 114, -11.299999999999976, 770
180, 291, -31.90000000000014, 774
181, 281, -40.600000000000215, 611
182, 72, -7.099999999999991, 708
183, 353, -55.00000000000029, 765
184, 146, -14.499999999999964, 674
185, 517, -91.20000000000007, 933
186, 104, -10.29999999999998, 734
187, 729, -96.29999999999868, 651
188, 729, -83.59999999999968, 743
189, 226, -25.40000000000005, 705
190, 182, -18.099999999999987, 636
191, 729, -73.70000000000009, 653
192, 274, -30.200000000000117, 807
193, 413, -45.70000000000032, 713
194, 85, -8.399999999999986, 622
195, 65, -6.399999999999993, 835
196, 412, -62.00000000000049, 577
197, 729, -111.79999999999811, 710
198, 203, -24.7000000000001, 774
199, 139, -19.60000000000003, 801
200, 125, -25.900000000000095, 829
201, 113, -11.199999999999976, 837
202, 729, -75.69999999999993, 970
203, 215, -24.100000000000083, 608
204, 377, -43.000000000000355, 789
205, 729, -72.80000000000014, 804
206, 98, -9.699999999999982, 746
207, 729, -78.49999999999983, 741
208, 318, -55.80000000000017, 752
209, 129, -12.79999999999997, 602
210, 269, -69.39999999999993, 709
211, 199, -20.700000000000028, 600
212, 80, -7.899999999999988, 712
213, 729, -72.80000000000014, 1183
214, 729, -88.09999999999947, 908
215, 183, -45.70000000000016, 1122
216, 729, -72.80000000000014, 723
217, 138, -15.499999999999961, 723
218, 499, -85.49999999999994, 777
219, 332, -45.20000000000024, 630
220, 729, -79.39999999999966, 757
221, 70, -6.8999999999999915, 664
222, 340, -50.10000000000041, 688
223, 193, -19.200000000000003, 754
224, 210, -24.70000000000003, 802
225, 128, -12.69999999999997, 1025
226, 118, -11.699999999999974, 1029
227, 69, -6.799999999999992, 962
228, 208, -20.700000000000024, 690
229, 140, -13.899999999999967, 612
230, 122, -12.099999999999973, 888
231, 75, -7.39999999999999, 779
232, 729, -72.80000000000014, 737
233, 144, -16.999999999999982, 1014
234, 58, -5.699999999999996, 815
235, 85, -8.399999999999986, 939
236, 207, -23.50000000000002, 782
237, 200, -21.700000000000045, 1168
238, 97, -9.599999999999982, 924
239, 210, -35.40000000000018, 868
240, 314, -49.60000000000023, 1059
241, 70, -6.8999999999999915, 807
242, 729, -72.80000000000014, 1192
243, 95, -10.299999999999983, 867
244, 302, -30.100000000000158, 723
245, 60, -5.899999999999995, 854
246, 96, -9.499999999999982, 937
247, 355, -35.40000000000023, 787
248, 169, -16.79999999999997, 634
249, 176, -21.10000000000004, 747
250, 78, -7.699999999999989, 686
251, 111, -10.999999999999977, 1046
252, 183, -25.80000000000011, 978
253, 157, -57.40000000000012, 731
254, 729, -73.70000000000007, 815
255, 79, -7.799999999999988, 795
256, 117, -30.500000000000107, 708
257, 68, -6.699999999999992, 820
258, 407, -43.3000000000003, 867
259, 160, -15.89999999999996, 897
260, 253, -25.200000000000088, 668
261, 729, -74.60000000000004, 907
262, 158, -21.500000000000057, 763
263, 184, -18.29999999999999, 734
264, 729, -87.29999999999913, 622
265, 78, -7.699999999999989, 679
266, 729, -75.49999999999996, 764
267, 216, -31.400000000000123, 578
268, 94, -10.19999999999998, 588
269, 126, -13.399999999999968, 693
270, 174, -19.10000000000001, 762
271, 102, -10.09999999999998, 886
272, 729, -72.80000000000014, 909
273, 61, -5.999999999999995, 945
274, 721, -74.90000000000019, 829
275, 729, -73.70000000000009, 864
276, 729, -125.69999999999814, 897
277, 66, -6.499999999999993, 1020
278, 137, -13.599999999999968, 914
279, 729, -87.99999999999916, 874
280, 116, -11.499999999999975, 926
281, 109, -10.799999999999978, 710
282, 140, -27.400000000000112, 685
283, 73, -7.19999999999999, 653
284, 129, -15.69999999999997, 860
285, 729, -81.29999999999953, 620
286, 246, -31.200000000000074, 836
287, 337, -69.60000000000004, 944
288, 100, -9.89999999999998, 839
289, 729, -87.09999999999911, 780
290, 729, -83.59999999999935, 889
291, 125, -12.399999999999972, 785
292, 132, -13.09999999999997, 828
293, 131, -15.89999999999997, 794
294, 134, -13.299999999999969, 841
295, 525, -60.90000000000048, 705
296, 332, -33.1000000000002, 696
297, 729, -75.70000000000014, 893
298, 109, -10.799999999999978, 989
299, 161, -27.700000000000152, 846
300, 246, -36.10000000000007, 841
301, 729, -72.80000000000014, 993
302, 729, -76.40000000000009, 835
303, 81, -7.999999999999988, 716
304, 134, -13.299999999999969, 804
305, 91, -8.999999999999984, 776
306, 729, -72.80000000000014, 819
307, 239, -32.500000000000064, 816
308, 279, -27.800000000000125, 858
309, 139, -17.599999999999994, 1153
310, 197, -21.40000000000004, 1114
311, 318, -43.30000000000021, 943
312, 61, -5.999999999999995, 1023
313, 76, -10.39999999999999, 716
314, 302, -31.000000000000156, 796
315, 85, -8.399999999999986, 942
316, 94, -9.299999999999983, 960
317, 122, -12.099999999999973, 677
318, 322, -80.59999999999923, 651
319, 729, -72.80000000000014, 996
320, 183, -18.19999999999999, 649
321, 729, -143.09999999999917, 681
322, 208, -28.300000000000104, 800
323, 116, -11.499999999999975, 877
324, 403, -94.3999999999989, 822
325, 310, -31.800000000000185, 885
326, 141, -13.999999999999966, 907
327, 177, -17.59999999999998, 676
328, 79, -7.799999999999988, 856
329, 135, -13.399999999999968, 761
330, 58, -5.699999999999996, 929
331, 729, -80.99999999999966, 864
332, 729, -85.39999999999945, 936
333, 124, -12.299999999999972, 955
334, 729, -72.80000000000014, 939
335, 283, -28.20000000000013, 938
336, 173, -20.09999999999999, 846
337, 729, -104.89999999999873, 1257
338, 113, -11.199999999999976, 913
339, 147, -18.400000000000006, 769
340, 729, -72.80000000000014, 1145
341, 102, -10.09999999999998, 1039
342, 174, -17.299999999999976, 866
343, 729, -78.19999999999985, 885
344, 292, -30.900000000000176, 960
345, 94, -9.299999999999983, 806
346, 729, -72.80000000000014, 1013
347, 112, -19.700000000000042, 909
348, 97, -9.599999999999982, 860
349, 408, -49.400000000000304, 805
350, 193, -19.200000000000003, 692
351, 85, -8.399999999999986, 731
352, 338, -36.60000000000026, 784
353, 510, -74.79999999999994, 805
354, 69, -6.799999999999992, 718
355, 313, -33.000000000000185, 742
356, 729, -72.80000000000014, 812
357, 94, -9.299999999999983, 796
358, 67, -6.5999999999999925, 747
359, 178, -17.69999999999998, 1027
360, 152, -15.099999999999962, 774
361, 91, -11.899999999999984, 810
362, 210, -20.900000000000027, 930
363, 729, -76.59999999999994, 931
364, 588, -66.40000000000039, 769
365, 729, -73.70000000000009, 990
366, 92, -9.099999999999984, 719
367, 116, -24.800000000000068, 768
368, 109, -10.799999999999978, 878
369, 210, -20.900000000000027, 1054
370, 122, -12.099999999999973, 679
371, 125, -18.20000000000001, 779
372, 95, -9.399999999999983, 800
373, 184, -18.29999999999999, 715
374, 93, -9.199999999999983, 839
375, 729, -81.49999999999956, 891
376, 134, -16.19999999999997, 961
377, 410, -52.3000000000003, 814
378, 609, -202.8999999999997, 805
379, 341, -34.00000000000021, 756
380, 227, -34.10000000000015, 1063
381, 156, -15.499999999999961, 795
382, 196, -39.600000000000094, 774
383, 118, -11.699999999999974, 1037
384, 226, -42.300000000000146, 973
385, 729, -72.80000000000014, 834
386, 729, -72.80000000000014, 1264
387, 145, -14.399999999999965, 681
388, 729, -76.59999999999987, 685
389, 96, -9.499999999999982, 837
390, 97, -9.599999999999982, 867
391, 124, -12.299999999999972, 840
392, 81, -10.899999999999988, 743
393, 729, -72.80000000000014, 844
394, 729, -93.09999999999928, 856
395, 73, -7.19999999999999, 756
396, 206, -23.40000000000002, 816
397, 381, -65.00000000000026, 895
398, 73, -7.19999999999999, 1165
399, 110, -10.899999999999977, 1123
400, 272, -27.100000000000115, 1181
401, 353, -41.00000000000025, 1035
402, 95, -12.299999999999983, 1491
403, 76, -7.499999999999989, 1125
404, 228, -27.200000000000117, 977
405, 77, -7.599999999999989, 933
406, 352, -42.800000000000274, 896
407, 260, -25.900000000000098, 737
408, 102, -10.09999999999998, 893
409, 104, -10.29999999999998, 842
410, 75, -7.39999999999999, 867
411, 92, -10.999999999999982, 765
412, 235, -27.00000000000012, 789
413, 134, -13.299999999999969, 815
414, 88, -8.699999999999985, 867
415, 93, -9.199999999999983, 810
416, 205, -20.40000000000002, 756
417, 729, -78.19999999999975, 885
418, 230, -22.900000000000055, 786
419, 170, -16.89999999999997, 854
420, 77, -7.599999999999989, 859
421, 158, -15.69999999999996, 686
422, 213, -21.20000000000003, 715
423, 729, -78.19999999999992, 748
424, 259, -25.800000000000097, 664
425, 131, -12.99999999999997, 883
426, 87, -11.499999999999986, 938
427, 305, -30.400000000000162, 855
428, 104, -10.29999999999998, 844
429, 117, -17.4, 849
430, 129, -12.79999999999997, 839
431, 76, -7.499999999999989, 893
432, 66, -6.499999999999993, 928
433, 108, -10.699999999999978, 783
434, 195, -19.400000000000006, 998
435, 258, -25.700000000000095, 925
436, 124, -12.299999999999972, 862
437, 143, -17.099999999999984, 812
438, 107, -10.599999999999978, 1078
439, 65, -6.399999999999993, 814
440, 664, -84.49999999999986, 834
441, 90, -8.899999999999984, 891
442, 63, -6.199999999999994, 719
443, 642, -78.5999999999996, 846
444, 67, -6.5999999999999925, 791
445, 353, -35.20000000000023, 969
446, 276, -50.900000000000176, 855
447, 729, -72.80000000000014, 889
448, 729, -75.59999999999995, 826
449, 89, -8.799999999999985, 759
450, 73, -7.19999999999999, 821
451, 102, -10.09999999999998, 1185
452, 61, -5.999999999999995, 1636
453, 88, -8.699999999999985, 1362
454, 132, -13.09999999999997, 1364
455, 729, -72.80000000000014, 1399
456, 729, -72.80000000000014, 979
457, 340, -104.29999999999876, 922
458, 228, -22.700000000000053, 1408
459, 112, -11.099999999999977, 1183
460, 202, -20.100000000000016, 1031
461, 147, -23.300000000000033, 1515
462, 215, -25.200000000000102, 1122
463, 83, -8.199999999999987, 1020
464, 445, -44.40000000000036, 935
465, 729, -164.69999999999644, 1099
466, 186, -18.499999999999993, 1578
467, 387, -38.60000000000028, 1811
468, 191, -21.900000000000038, 1102
469, 124, -12.299999999999972, 814
470, 76, -7.499999999999989, 1214
471, 729, -75.69999999999993, 1233
472, 70, -6.8999999999999915, 1191
473, 77, -7.599999999999989, 1459
474, 80, -7.899999999999988, 1370
475, 91, -9.89999999999998, 1364
476, 729, -72.80000000000014, 1179
477, 58, -5.699999999999996, 1373
478, 79, -7.799999999999988, 871
479, 729, -76.39999999999995, 909
480, 729, -77.29999999999981, 918
481, 342, -45.70000000000021, 903
482, 113, -14.099999999999977, 1237
483, 117, -11.599999999999975, 1252
484, 177, -17.59999999999998, 1248
485, 729, -81.49999999999952, 940
486, 181, -17.999999999999986, 1019
487, 184, -18.29999999999999, 969
488, 102, -10.09999999999998, 916
489, 243, -27.100000000000072, 775
490, 78, -7.699999999999989, 946
491, 85, -8.399999999999986, 1079
492, 60, -5.899999999999995, 1115
493, 113, -14.099999999999977, 1093
494, 87, -15.299999999999981, 1041
495, 120, -11.899999999999974, 1099
496, 67, -6.5999999999999925, 1225
497, 275, -30.300000000000118, 1643
498, 453, -51.9000000000004, 1693
499, 268, -26.70000000000011, 1599
500, 171, -28.60000000000008, 1617
501, 93, -9.199999999999983, 1239
502, 75, -7.39999999999999, 1234
503, 109, -16.599999999999987, 1235
504, 182, -29.700000000000035, 1170
505, 729, -72.80000000000014, 1230
506, 251, -25.000000000000085, 850
507, 138, -19.50000000000003, 967
508, 729, -72.80000000000014, 797
509, 127, -12.599999999999971, 875
510, 105, -13.29999999999998, 778
511, 77, -7.599999999999989, 983
512, 256, -27.30000000000011, 1014
513, 84, -8.299999999999986, 1282
514, 124, -12.299999999999972, 1167
515, 77, -10.49999999999999, 1214
516, 431, -43.00000000000034, 1017
517, 102, -12.99999999999998, 877
518, 97, -9.599999999999982, 941
519, 92, -9.099999999999984, 1098
520, 85, -8.399999999999986, 1036
521, 114, -11.299999999999976, 1094
522, 284, -28.300000000000132, 1141
523, 233, -23.20000000000006, 907
524, 711, -71.00000000000024, 926
525, 195, -25.20000000000007, 1306
526, 128, -12.69999999999997, 1361
527, 100, -12.799999999999981, 1531
528, 96, -15.299999999999983, 1344
529, 88, -8.699999999999985, 917
530, 608, -66.40000000000042, 844
531, 85, -8.399999999999986, 1037
532, 115, -11.399999999999975, 966
533, 82, -8.099999999999987, 831
534, 565, -72.5999999999999, 817
535, 729, -94.39999999999955, 821
536, 74, -7.29999999999999, 816
537, 78, -7.699999999999989, 967
538, 70, -6.8999999999999915, 824
539, 61, -5.999999999999995, 953
540, 122, -12.099999999999973, 870
541, 209, -20.800000000000026, 916
542, 180, -20.80000000000002, 1008
543, 93, -12.099999999999984, 1060
544, 76, -7.499999999999989, 963
545, 91, -11.899999999999984, 941
546, 93, -9.199999999999983, 1302
547, 729, -74.7, 1175
548, 216, -21.500000000000036, 998
549, 100, -9.89999999999998, 1042
550, 674, -67.30000000000045, 1050
551, 184, -18.29999999999999, 925
552, 729, -87.19999999999975, 821
553, 227, -22.60000000000005, 923
554, 76, -7.499999999999989, 1193
555, 216, -21.500000000000036, 1177
556, 79, -7.799999999999988, 1163
557, 729, -72.80000000000014, 1378
558, 141, -13.999999999999966, 1026
559, 116, -11.499999999999975, 1007
560, 126, -13.399999999999972, 1032
561, 400, -45.700000000000294, 977
562, 74, -7.29999999999999, 814
563, 729, -95.2999999999991, 948
564, 185, -21.30000000000001, 980
565, 59, -5.799999999999995, 926
566, 154, -20.100000000000033, 940
567, 507, -50.60000000000045, 907
568, 65, -6.399999999999993, 850
569, 129, -12.79999999999997, 1248
570, 76, -7.499999999999989, 851
571, 136, -22.200000000000024, 1102
572, 146, -14.499999999999964, 1255
573, 109, -10.799999999999978, 1055
574, 124, -23.900000000000045, 1136
575, 146, -14.499999999999964, 994
576, 94, -12.199999999999983, 978
577, 729, -95.09999999999934, 1094
578, 96, -9.499999999999982, 1025
579, 165, -16.399999999999963, 1270
580, 202, -20.100000000000016, 1346
581, 81, -7.999999999999988, 818
582, 255, -25.40000000000009, 1038
583, 88, -8.699999999999985, 1430
584, 114, -11.299999999999976, 1185
585, 368, -45.40000000000025, 1334
586, 85, -8.399999999999986, 1053
587, 71, -6.999999999999991, 1262
588, 97, -12.499999999999982, 1244
589, 156, -15.499999999999961, 1204
590, 90, -8.899999999999984, 1034
591, 111, -12.799999999999976, 978
592, 235, -23.400000000000063, 1209
593, 281, -28.000000000000128, 957
594, 196, -24.000000000000085, 1052
595, 64, -6.299999999999994, 1435
596, 153, -16.099999999999962, 1025
597, 102, -10.09999999999998, 919
598, 73, -7.19999999999999, 955
599, 274, -30.000000000000167, 1299
600, 137, -13.599999999999968, 1060
601, 80, -7.899999999999988, 1280
602, 91, -8.999999999999984, 1208
603, 180, -20.800000000000036, 1121
604, 67, -6.5999999999999925, 1031
605, 468, -52.50000000000039, 1026
606, 171, -16.99999999999997, 1077
607, 120, -14.799999999999974, 1127
608, 60, -5.899999999999995, 1158
609, 517, -74.8, 1030
610, 76, -7.499999999999989, 1423
611, 86, -8.499999999999986, 1091
612, 180, -23.700000000000024, 1192
613, 729, -75.69999999999997, 1459
614, 106, -10.499999999999979, 1428
615, 173, -17.199999999999974, 971
616, 126, -12.499999999999972, 1207
617, 72, -9.999999999999991, 1405
618, 129, -18.600000000000016, 1112
619, 200, -19.900000000000013, 1059
620, 136, -13.499999999999968, 1081
621, 298, -41.100000000000314, 908
622, 126, -18.800000000000022, 1209
623, 78, -7.699999999999989, 972
624, 92, -9.099999999999984, 1458
625, 63, -6.199999999999994, 1310
626, 76, -7.499999999999989, 1181
627, 145, -14.399999999999965, 968
628, 142, -14.099999999999966, 1032
629, 302, -62.500000000000234, 1209
630, 195, -20.30000000000002, 1224
631, 77, -7.599999999999989, 1049
632, 205, -20.40000000000002, 920
633, 86, -8.499999999999986, 1016
634, 117, -14.499999999999975, 1370
635, 88, -8.699999999999985, 1183
636, 90, -8.899999999999984, 1379
637, 729, -78.39999999999976, 1459
638, 120, -11.899999999999974, 1594
639, 127, -15.399999999999968, 1632
640, 74, -7.29999999999999, 1775
641, 71, -6.999999999999991, 1100
642, 75, -7.39999999999999, 1114
643, 134, -13.299999999999969, 1122
644, 88, -8.699999999999985, 1364
645, 123, -12.199999999999973, 1692
646, 164, -30.700000000000173, 1832
647, 126, -29.90000000000002, 1408
648, 66, -6.499999999999993, 1735
649, 181, -17.999999999999986, 1282
650, 105, -10.399999999999979, 1825
651, 86, -8.499999999999986, 1036
652, 173, -18.099999999999987, 1367
653, 148, -17.59999999999999, 1897
654, 109, -10.799999999999978, 1642
655, 78, -7.699999999999989, 1974
656, 84, -8.299999999999986, 1327
657, 195, -19.400000000000006, 1903
658, 729, -160.099999999998, 1839
659, 108, -10.699999999999978, 2950
660, 283, -29.100000000000144, 1671
661, 109, -13.699999999999978, 1443
662, 729, -72.80000000000014, 1188
663, 366, -36.50000000000025, 1894
664, 729, -113.39999999999925, 1695
665, 729, -73.70000000000009, 1121
666, 58, -5.699999999999996, 1367
667, 138, -13.699999999999967, 1747
668, 233, -27.70000000000014, 1555
669, 123, -12.199999999999973, 2004
670, 160, -17.79999999999999, 2092
671, 515, -59.80000000000056, 1414
672, 79, -7.799999999999988, 1263
673, 87, -8.599999999999985, 2007
674, 187, -21.300000000000043, 1497
675, 246, -24.500000000000078, 1741
676, 729, -72.80000000000014, 1759
677, 203, -29.800000000000082, 1483
678, 99, -12.699999999999982, 1667
679, 107, -10.599999999999978, 1208
680, 61, -5.999999999999995, 1047
681, 284, -28.300000000000132, 1486
682, 75, -7.39999999999999, 1926
683, 194, -19.300000000000004, 1549
684, 92, -11.999999999999984, 1524
685, 285, -30.200000000000166, 1670
686, 84, -8.299999999999986, 1653
687, 201, -20.000000000000014, 1482
688, 729, -87.30000000000003, 1476
689, 621, -67.80000000000034, 1294
690, 62, -6.099999999999994, 2245
691, 309, -39.50000000000016, 2924
692, 123, -13.099999999999973, 2669
693, 94, -12.199999999999983, 1921
694, 160, -15.89999999999996, 1728
695, 146, -20.300000000000015, 1769
696, 115, -20.100000000000012, 1364
697, 617, -67.40000000000036, 1170
698, 729, -88.99999999999923, 1635
699, 70, -9.799999999999992, 1593
700, 219, -29.40000000000008, 1655
701, 491, -49.000000000000426, 1404
702, 116, -11.499999999999975, 1324
703, 359, -52.00000000000034, 1265
704, 729, -74.60000000000001, 1395
705, 331, -36.80000000000027, 1397
706, 729, -75.69999999999997, 1073
707, 76, -13.199999999999987, 1465
708, 163, -20.00000000000003, 1015
709, 170, -16.89999999999997, 1218
710, 167, -18.5, 1168
711, 100, -9.89999999999998, 1310
712, 152, -15.099999999999962, 1476
713, 144, -23.00000000000002, 1221
714, 92, -9.099999999999984, 1157
715, 107, -10.599999999999978, 1246
716, 122, -12.099999999999973, 1037
717, 156, -15.499999999999961, 1052
718, 73, -7.19999999999999, 1243
719, 729, -72.80000000000014, 984
720, 86, -8.499999999999986, 935
721, 77, -7.599999999999989, 1023
722, 114, -17.099999999999994, 1251
723, 69, -6.799999999999992, 1285
724, 458, -45.70000000000038, 1298
725, 111, -10.999999999999977, 1360
726, 78, -7.699999999999989, 1077
727, 174, -17.299999999999976, 1394
728, 138, -15.499999999999961, 1330
729, 189, -36.70000000000003, 1178
730, 128, -14.59999999999997, 1252
731, 169, -19.70000000000001, 1316
732, 729, -72.80000000000014, 1510
733, 127, -15.499999999999972, 990
734, 225, -22.40000000000005, 1743
735, 524, -52.30000000000047, 1184
736, 91, -8.999999999999984, 1204
737, 87, -8.599999999999985, 1168
738, 236, -23.500000000000064, 1564
739, 244, -32.40000000000019, 1855
740, 120, -11.899999999999974, 1893
741, 729, -93.89999999999962, 2503
742, 500, -53.700000000000436, 2267
743, 86, -15.699999999999978, 1101
744, 145, -27.000000000000103, 2535
745, 219, -24.70000000000004, 2190
746, 85, -8.399999999999986, 1781
747, 404, -43.2000000000003, 2621
748, 64, -6.299999999999994, 1846
749, 126, -15.399999999999972, 2120
750, 188, -24.500000000000004, 2165
751, 210, -20.900000000000027, 2541
752, 111, -13.899999999999977, 2057
753, 479, -105.7999999999994, 1857
754, 111, -10.999999999999977, 2474
755, 115, -11.399999999999975, 1909
756, 103, -10.19999999999998, 1951
757, 162, -16.09999999999996, 2076
758, 105, -10.399999999999979, 1671
759, 70, -6.8999999999999915, 1298
760, 297, -38.10000000000018, 1728
761, 98, -9.699999999999982, 1704
762, 729, -72.80000000000014, 2303
763, 61, -5.999999999999995, 2080
764, 79, -7.799999999999988, 1970
765, 164, -16.29999999999996, 1618
766, 163, -16.19999999999996, 1772
767, 92, -9.099999999999984, 1538
768, 81, -10.899999999999988, 1522
769, 82, -8.099999999999987, 1615
770, 618, -61.70000000000061, 1652
771, 83, -8.199999999999987, 1753
772, 226, -27.900000000000123, 1974
773, 72, -7.099999999999991, 1492
774, 69, -6.799999999999992, 1199
775, 524, -63.90000000000047, 1149
776, 178, -17.69999999999998, 1311
777, 72, -12.899999999999991, 1022
778, 729, -72.80000000000014, 931
779, 123, -13.999999999999966, 1102
780, 96, -9.499999999999982, 1117
781, 229, -31.1000000000001, 1175
782, 119, -11.799999999999974, 1058
783, 90, -11.799999999999985, 1130
784, 106, -10.499999999999979, 1015
785, 253, -51.60000000000026, 1177
786, 202, -23.000000000000014, 1651
787, 106, -19.500000000000032, 1826
788, 110, -10.899999999999977, 1646
789, 92, -9.099999999999984, 1856
790, 415, -65.90000000000025, 1772
791, 247, -32.20000000000009, 1226
792, 203, -20.200000000000017, 926
793, 90, -8.899999999999984, 1924
794, 229, -22.800000000000054, 1703
795, 106, -10.499999999999979, 1337
796, 72, -7.099999999999991, 1451
797, 145, -20.70000000000005, 1193
798, 77, -7.599999999999989, 1193
799, 71, -6.999999999999991, 1484
800, 202, -21.000000000000032, 1116
801, 729, -72.80000000000014, 1151
802, 304, -41.900000000000155, 1369
803, 729, -83.09999999999944, 1339
804, 127, -15.499999999999972, 1403
805, 82, -8.099999999999987, 1445
806, 115, -11.399999999999975, 1325
807, 67, -6.5999999999999925, 1334
808, 129, -12.79999999999997, 1190
809, 729, -83.79999999999947, 1395
810, 729, -72.80000000000014, 1090
811, 96, -9.499999999999982, 1288
812, 279, -33.60000000000023, 1714
813, 133, -19.00000000000001, 1978
814, 100, -12.799999999999981, 1725
815, 76, -7.499999999999989, 1183
816, 71, -6.999999999999991, 1145
817, 65, -6.399999999999993, 1201
818, 88, -8.699999999999985, 1254
819, 169, -19.700000000000014, 1292
820, 87, -8.599999999999985, 1174
821, 713, -74.10000000000024, 1108
822, 729, -75.49999999999996, 1281
823, 75, -7.39999999999999, 1006
824, 276, -31.300000000000182, 1299
825, 101, -9.99999999999998, 1164
826, 277, -27.600000000000122, 1335
827, 76, -7.499999999999989, 1352
828, 168, -16.699999999999967, 1292
829, 560, -55.900000000000524, 1569
830, 140, -13.899999999999967, 1159
831, 729, -75.69999999999993, 1242
832, 163, -19.100000000000012, 1261
833, 160, -15.89999999999996, 1408
834, 729, -74.7, 1125
835, 652, -65.10000000000058, 1133
836, 303, -38.90000000000026, 1122
837, 67, -6.5999999999999925, 977
838, 157, -23.200000000000017, 1079
839, 144, -16.99999999999998, 1071
840, 59, -5.799999999999995, 1235
841, 729, -75.70000000000013, 1071
842, 84, -8.299999999999986, 1525
843, 106, -10.499999999999979, 1188
844, 101, -9.99999999999998, 1151
845, 64, -6.299999999999994, 1061
846, 113, -11.199999999999976, 1173
847, 206, -26.300000000000125, 1355
848, 90, -8.899999999999984, 1014
849, 69, -6.799999999999992, 1053
850, 66, -9.399999999999993, 1282
851, 79, -7.799999999999988, 1091
852, 127, -21.30000000000001, 1346
853, 569, -71.30000000000021, 997
854, 101, -9.99999999999998, 1149
855, 94, -9.299999999999983, 1094
856, 120, -11.899999999999974, 1151
857, 103, -10.19999999999998, 1140
858, 124, -12.299999999999972, 965
859, 159, -16.69999999999997, 1209
860, 79, -7.799999999999988, 981
861, 254, -31.100000000000087, 1381
862, 326, -32.50000000000019, 1230
863, 254, -31.100000000000136, 1164
864, 729, -88.99999999999909, 1060
865, 100, -9.89999999999998, 1305
866, 172, -28.700000000000003, 1321
867, 160, -15.89999999999996, 1044
868, 729, -75.69999999999993, 1195
869, 588, -79.59999999999968, 1054
870, 140, -13.899999999999967, 1203
871, 729, -72.80000000000014, 1144
872, 729, -80.39999999999964, 1166
873, 729, -74.7, 1049
874, 154, -15.299999999999962, 986
875, 156, -15.499999999999961, 1190
876, 196, -19.500000000000007, 1290
877, 88, -8.699999999999985, 911
878, 296, -59.30000000000024, 1012
879, 89, -9.699999999999982, 1135
880, 170, -16.89999999999997, 1291
881, 248, -24.70000000000008, 1032
882, 729, -72.80000000000014, 1021
883, 479, -47.80000000000041, 1172
884, 729, -124.99999999999854, 1276
885, 171, -16.99999999999997, 1070
886, 252, -28.90000000000012, 1265
887, 153, -15.199999999999962, 1049
888, 156, -15.499999999999961, 1072
889, 729, -78.59999999999984, 1117
890, 272, -30.70000000000018, 897
891, 89, -8.799999999999985, 962
892, 174, -17.299999999999976, 1139
893, 243, -30.00000000000007, 1145
894, 75, -7.39999999999999, 1140
895, 85, -8.399999999999986, 1120
896, 82, -8.099999999999987, 1016
897, 208, -38.10000000000005, 1087
898, 88, -8.699999999999985, 1081
899, 265, -49.60000000000015, 986
900, 118, -11.699999999999974, 1115
901, 98, -9.699999999999982, 1131
902, 92, -9.099999999999984, 1223
903, 143, -14.199999999999966, 1114
904, 83, -8.199999999999987, 1276
905, 69, -6.799999999999992, 1189
906, 70, -6.8999999999999915, 1181
907, 79, -10.699999999999989, 1189
908, 729, -72.80000000000014, 1363
909, 80, -7.899999999999988, 1103
910, 215, -21.400000000000034, 1197
911, 58, -5.699999999999996, 1174
912, 121, -11.999999999999973, 1099
913, 69, -6.799999999999992, 1001
914, 114, -21.600000000000065, 1038
915, 216, -27.800000000000146, 955
916, 141, -13.999999999999966, 1280
917, 729, -97.09999999999899, 1264
918, 99, -9.799999999999981, 1098
919, 76, -7.499999999999989, 1333
920, 493, -54.900000000000425, 1058
921, 434, -54.90000000000034, 1213
922, 199, -19.80000000000001, 1050
923, 66, -6.499999999999993, 1244
924, 344, -45.500000000000256, 1178
925, 114, -11.299999999999976, 1056
926, 206, -20.50000000000002, 1140
927, 118, -11.699999999999974, 1232
928, 86, -8.499999999999986, 983
929, 65, -6.399999999999993, 1249
930, 306, -30.500000000000163, 1238
931, 86, -8.499999999999986, 1410
932, 87, -8.599999999999985, 1204
933, 82, -8.099999999999987, 1245
934, 83, -8.199999999999987, 1304
935, 729, -72.80000000000014, 1356
936, 160, -19.600000000000023, 1406
937, 152, -15.099999999999962, 1490
938, 96, -18.20000000000002, 1189
939, 72, -7.099999999999991, 1096
940, 107, -10.599999999999978, 1246
941, 108, -13.599999999999978, 1138
942, 133, -13.199999999999969, 1113
943, 92, -9.099999999999984, 1081
944, 64, -6.299999999999994, 1333
945, 115, -11.399999999999975, 1325
946, 188, -21.600000000000048, 1118
947, 108, -14.499999999999979, 1388
948, 66, -9.399999999999993, 1358
949, 267, -26.600000000000108, 1280
950, 139, -13.799999999999967, 1507
951, 91, -11.899999999999984, 1255
952, 694, -69.30000000000034, 1363
953, 96, -9.499999999999982, 1088
954, 133, -16.09999999999997, 1435
955, 142, -21.700000000000024, 1299
956, 111, -10.999999999999977, 1523
957, 729, -88.99999999999969, 1218
958, 74, -7.29999999999999, 1152
959, 94, -9.299999999999983, 1269
960, 454, -45.300000000000374, 1138
961, 80, -13.699999999999989, 1254
962, 277, -32.300000000000146, 1213
963, 162, -16.09999999999996, 1379
964, 348, -36.500000000000234, 1274
965, 109, -10.799999999999978, 1376
966, 729, -103.39999999999884, 1344
967, 273, -30.100000000000115, 1136
968, 106, -10.499999999999979, 1185
969, 58, -5.699999999999996, 1151
970, 110, -13.799999999999978, 1213
971, 74, -7.29999999999999, 1431
972, 89, -8.799999999999985, 1235
973, 72, -7.099999999999991, 1445
974, 75, -13.19999999999999, 1367
975, 78, -7.699999999999989, 1163
976, 114, -14.199999999999976, 1465
977, 238, -23.700000000000067, 1148
978, 130, -12.89999999999997, 1132
979, 152, -25.50000000000002, 1155
980, 74, -7.29999999999999, 1288
981, 614, -61.3000000000006, 1393
982, 113, -11.199999999999976, 1150
983, 729, -78.59999999999972, 1267
984, 136, -13.499999999999968, 1232
985, 729, -74.60000000000001, 1393
986, 314, -43.80000000000018, 1177
987, 196, -19.500000000000007, 1485
988, 134, -16.19999999999997, 1626
989, 360, -39.70000000000024, 1279
990, 177, -43.7000000000001, 1061
991, 68, -6.699999999999992, 1350
992, 154, -21.600000000000062, 1384
993, 282, -34.80000000000014, 1226
994, 97, -12.39999999999998, 1261
995, 88, -8.699999999999985, 1038
996, 326, -32.50000000000019, 1243
997, 126, -12.499999999999972, 1301
998, 136, -16.399999999999974, 1069
999, 97, -9.599999999999982, 1282
1000, 104, -10.29999999999998, 1227

Average Reward: -36.275799999999904
Average Number of Steps: 299
Minimum Number of Steps: 58
Average Time (in milliseconds): 1042