Episode, Steps, Reward, Time (in milliseconds)
1, 729, -91.69999999999983, 449
2, 729, -75.50000000000001, 614
3, 729, -79.9999999999997, 671
4, 729, -109.99999999999866, 557
5, 729, -72.80000000000014, 554
6, 729, -75.49999999999999, 658
7, 729, -72.80000000000014, 253
8, 729, -105.19999999999793, 401
9, 729, -160.99999999999787, 488
10, 729, -73.70000000000007, 586
11, 729, -140.39999999999827, 317
12, 729, -75.50000000000013, 301
13, 729, -72.80000000000014, 598
14, 729, -102.79999999999905, 350
15, 729, -159.19999999999735, 321
16, 729, -173.59999999999891, 346
17, 706, -97.29999999999842, 387
18, 729, -85.09999999999926, 442
19, 729, -72.80000000000014, 345
20, 729, -72.80000000000014, 791
21, 729, -82.69999999999949, 367
22, 729, -148.39999999999776, 700
23, 729, -72.80000000000014, 571
24, 729, -78.19999999999975, 598
25, 729, -106.99999999999926, 613
26, 729, -90.79999999999914, 568
27, 729, -72.80000000000014, 453
28, 729, -87.29999999999922, 518
29, 729, -74.60000000000004, 565
30, 729, -73.70000000000009, 507
31, 729, -100.29999999999822, 635
32, 729, -89.49999999999915, 387
33, 729, -78.19999999999976, 606
34, 729, -72.80000000000014, 612
35, 729, -160.999999999997, 765
36, 729, -72.80000000000014, 443
37, 711, -101.29999999999825, 482
38, 729, -72.80000000000014, 438
39, 729, -104.39999999999827, 609
40, 729, -143.89999999999847, 475
41, 729, -123.19999999999901, 463
42, 729, -72.80000000000014, 506
43, 729, -83.59999999999998, 563
44, 729, -114.09999999999864, 624
45, 729, -120.49999999999925, 698
46, 659, -77.49999999999969, 527
47, 729, -73.70000000000007, 573
48, 729, -85.39999999999961, 548
49, 552, -83.39999999999947, 579
50, 729, -178.09999999999775, 592
51, 729, -74.60000000000015, 580
52, 729, -102.49999999999905, 739
53, 484, -65.60000000000045, 508
54, 729, -99.39999999999904, 589
55, 490, -94.2999999999987, 675
56, 729, -72.80000000000014, 529
57, 729, -116.89999999999802, 583
58, 729, -112.49999999999831, 681
59, 729, -92.79999999999869, 710
60, 729, -162.79999999999737, 677
61, 729, -76.40000000000003, 700
62, 729, -226.69999999999803, 830
63, 729, -72.80000000000014, 588
64, 729, -80.89999999999964, 743
65, 729, -72.80000000000014, 610
66, 729, -86.29999999999968, 793
67, 729, -232.09999999999746, 643
68, 598, -72.29999999999997, 697
69, 298, -32.60000000000015, 916
70, 729, -79.09999999999968, 662
71, 729, -196.99999999999943, 708
72, 729, -78.19999999999979, 714
73, 729, -79.99999999999963, 990
74, 295, -61.20000000000023, 750
75, 729, -76.59999999999987, 618
76, 420, -118.99999999999883, 632
77, 363, -52.1000000000003, 653
78, 346, -39.90000000000028, 737
79, 729, -97.09999999999884, 826
80, 729, -72.80000000000014, 780
81, 729, -98.69999999999928, 646
82, 729, -74.60000000000001, 691
83, 606, -70.10000000000015, 674
84, 729, -72.80000000000014, 728
85, 601, -88.29999999999924, 766
86, 729, -72.80000000000014, 877
87, 729, -79.29999999999977, 729
88, 729, -72.80000000000014, 712
89, 160, -27.600000000000126, 682
90, 729, -83.59999999999957, 683
91, 729, -88.99999999999896, 669
92, 729, -100.69999999999881, 833
93, 729, -169.99999999999858, 782
94, 256, -42.800000000000225, 786
95, 729, -72.80000000000014, 784
96, 729, -81.79999999999949, 984
97, 729, -72.80000000000014, 977
98, 729, -422.3000000000044, 708
99, 729, -91.69999999999905, 731
100, 729, -113.29999999999858, 791
101, 729, -88.99999999999932, 704
102, 729, -72.80000000000014, 720
103, 729, -81.79999999999949, 895
104, 620, -118.39999999999951, 744
105, 729, -127.69999999999945, 749
106, 729, -73.70000000000007, 794
107, 527, -71.60000000000004, 926
108, 729, -148.39999999999796, 703
109, 626, -70.60000000000018, 775
110, 729, -135.7999999999986, 971
111, 466, -49.40000000000039, 692
112, 729, -164.5999999999981, 855
113, 729, -75.49999999999994, 787
114, 729, -90.29999999999923, 714
115, 729, -102.49999999999804, 646
116, 729, -76.39999999999989, 692
117, 729, -98.29999999999937, 661
118, 729, -72.80000000000014, 704
119, 729, -107.09999999999889, 704
120, 568, -88.19999999999898, 837
121, 406, -49.0000000000003, 751
122, 729, -72.80000000000014, 893
123, 633, -97.6999999999995, 895
124, 729, -72.80000000000014, 709
125, 729, -88.0999999999991, 701
126, 729, -380.60000000000355, 842
127, 729, -72.80000000000014, 740
128, 729, -128.5999999999993, 860
129, 729, -79.09999999999974, 939
130, 583, -59.100000000000556, 742
131, 729, -87.19999999999952, 861
132, 246, -24.500000000000078, 942
133, 729, -77.29999999999986, 787
134, 729, -73.70000000000007, 683
135, 508, -56.10000000000047, 811
136, 272, -57.30000000000018, 750
137, 259, -69.99999999999974, 776
138, 729, -169.9999999999978, 833
139, 729, -72.80000000000014, 723
140, 729, -83.59999999999935, 763
141, 729, -72.80000000000014, 787
142, 729, -72.80000000000014, 793
143, 305, -30.400000000000162, 684
144, 310, -56.30000000000023, 947
145, 729, -72.80000000000014, 711
146, 729, -93.49999999999892, 673
147, 337, -35.50000000000024, 790
148, 679, -77.89999999999992, 892
149, 232, -26.700000000000106, 822
150, 523, -109.09999999999984, 783
151, 729, -92.59999999999974, 762
152, 729, -72.80000000000014, 881
153, 344, -34.30000000000022, 880
154, 729, -72.80000000000014, 804
155, 729, -110.29999999999927, 900
156, 729, -79.99999999999966, 876
157, 729, -72.80000000000014, 1005
158, 167, -22.400000000000013, 828
159, 729, -104.29999999999876, 793
160, 729, -195.9999999999979, 862
161, 729, -78.19999999999983, 955
162, 729, -107.19999999999898, 916
163, 356, -35.500000000000234, 1047
164, 470, -131.09999999999857, 801
165, 729, -94.49999999999922, 811
166, 729, -76.40000000000002, 901
167, 275, -65.20000000000007, 851
168, 729, -85.39999999999951, 864
169, 501, -52.700000000000436, 1004
170, 350, -52.400000000000254, 942
171, 143, -14.199999999999966, 856
172, 341, -61.00000000000024, 838
173, 729, -72.80000000000014, 761
174, 370, -121.59999999999934, 919
175, 107, -12.399999999999975, 994
176, 361, -66.90000000000009, 906
177, 309, -36.200000000000244, 1002
178, 729, -88.49999999999969, 900
179, 103, -11.09999999999998, 960
180, 729, -72.80000000000014, 825
181, 729, -80.8999999999998, 861
182, 151, -16.799999999999976, 794
183, 118, -11.699999999999974, 917
184, 729, -194.89999999999904, 783
185, 575, -68.30000000000032, 898
186, 729, -72.80000000000014, 837
187, 729, -72.80000000000014, 768
188, 256, -29.100000000000158, 828
189, 151, -14.999999999999963, 887
190, 661, -66.00000000000053, 911
191, 729, -72.80000000000014, 900
192, 499, -81.69999999999972, 796
193, 339, -41.00000000000026, 1040
194, 729, -157.39999999999824, 1081
195, 729, -94.39999999999897, 1106
196, 220, -21.90000000000004, 934
197, 303, -77.69999999999948, 973
198, 729, -251.0999999999983, 1476
199, 223, -24.90000000000009, 1479
200, 175, -23.700000000000056, 1368
201, 208, -50.40000000000015, 1760
202, 185, -20.200000000000024, 1548
203, 451, -47.70000000000038, 1260
204, 256, -66.00000000000004, 1118
205, 528, -145.69999999999894, 1116
206, 148, -18.5, 1146
207, 267, -30.400000000000176, 1363
208, 176, -23.100000000000026, 1808
209, 301, -30.000000000000156, 1426
210, 729, -77.29999999999988, 1074
211, 273, -32.600000000000215, 1366
212, 159, -15.79999999999996, 1150
213, 356, -46.90000000000026, 1292
214, 547, -88.79999999999897, 2150
215, 729, -72.80000000000014, 1602
216, 87, -8.599999999999985, 1271
217, 729, -74.60000000000004, 1136
218, 729, -73.70000000000009, 1256
219, 364, -41.800000000000274, 1345
220, 82, -8.099999999999987, 1485
221, 240, -30.20000000000018, 2036
222, 729, -92.59999999999907, 1240
223, 549, -78.19999999999976, 1282
224, 99, -10.69999999999998, 1303
225, 476, -51.3000000000004, 964
226, 582, -87.79999999999897, 1009
227, 230, -23.80000000000007, 1077
228, 729, -72.80000000000014, 958
229, 383, -48.100000000000385, 1130
230, 148, -28.000000000000053, 1082
231, 729, -118.69999999999888, 1416
232, 725, -111.9999999999985, 1433
233, 304, -33.90000000000019, 1477
234, 583, -88.79999999999971, 1527
235, 157, -15.59999999999996, 1302
236, 467, -66.3000000000003, 1794
237, 81, -9.799999999999986, 1651
238, 230, -26.600000000000087, 1199
239, 568, -81.19999999999973, 1141
240, 136, -17.29999999999999, 1327
241, 80, -7.899999999999988, 1048
242, 122, -20.20000000000005, 1578
243, 729, -118.99999999999847, 1285
244, 729, -93.49999999999895, 969
245, 399, -42.50000000000029, 1759
246, 436, -44.40000000000035, 1699
247, 191, -35.500000000000135, 988
248, 283, -32.00000000000014, 972
249, 154, -37.80000000000014, 1070
250, 157, -22.800000000000075, 1033
251, 430, -104.69999999999933, 1105
252, 94, -10.199999999999983, 1128
253, 165, -18.19999999999999, 1280
254, 78, -7.699999999999989, 1335
255, 68, -6.699999999999992, 1238
256, 672, -77.8999999999997, 891
257, 411, -41.00000000000031, 1316
258, 312, -32.000000000000185, 1114
259, 122, -12.099999999999973, 1095
260, 729, -72.80000000000014, 1096
261, 729, -79.99999999999974, 1057
262, 110, -13.799999999999978, 1011
263, 611, -70.90000000000009, 1065
264, 628, -81.99999999999962, 1068
265, 151, -17.799999999999994, 1167
266, 236, -73.89999999999966, 1098
267, 139, -25.400000000000038, 1144
268, 172, -18.900000000000006, 1147
269, 119, -11.799999999999974, 1110
270, 160, -16.799999999999972, 974
271, 729, -83.6, 1045
272, 100, -9.89999999999998, 1510
273, 125, -12.399999999999972, 1096
274, 117, -16.099999999999977, 1091
275, 729, -78.19999999999983, 1239
276, 453, -68.20000000000007, 1249
277, 339, -35.600000000000215, 1589
278, 180, -18.8, 1786
279, 260, -30.600000000000126, 1470
280, 306, -44.900000000000155, 1336
281, 87, -8.599999999999985, 1371
282, 294, -29.300000000000146, 1234
283, 171, -17.899999999999984, 986
284, 179, -19.600000000000012, 956
285, 258, -29.30000000000016, 992
286, 579, -60.70000000000055, 988
287, 80, -7.899999999999988, 1165
288, 729, -72.80000000000014, 916
289, 93, -9.199999999999983, 1068
290, 69, -9.699999999999992, 1317
291, 139, -16.699999999999978, 1286
292, 382, -42.600000000000286, 1368
293, 138, -13.699999999999967, 1136
294, 226, -44.10000000000025, 1195
295, 594, -97.10000000000011, 1077
296, 108, -10.699999999999978, 1209
297, 86, -8.499999999999986, 910
298, 422, -68.20000000000012, 1167
299, 729, -175.8999999999981, 938
300, 88, -8.699999999999985, 1630
301, 84, -8.299999999999986, 964
302, 133, -16.79999999999998, 932
303, 86, -8.499999999999986, 1058
304, 393, -43.800000000000296, 911
305, 75, -8.299999999999986, 1194
306, 729, -72.80000000000014, 1093
307, 729, -100.69999999999955, 935
308, 729, -72.80000000000014, 1055
309, 100, -9.89999999999998, 923
310, 539, -77.90000000000016, 955
311, 729, -72.80000000000014, 1111
312, 97, -9.599999999999982, 1005
313, 70, -6.8999999999999915, 1073
314, 662, -66.10000000000052, 1008
315, 247, -48.0000000000001, 1047
316, 100, -10.799999999999978, 1211
317, 622, -75.59999999999981, 1501
318, 729, -72.80000000000014, 1264
319, 263, -30.00000000000012, 1250
320, 183, -43.90000000000008, 1162
321, 128, -12.69999999999997, 1012
322, 256, -31.10000000000014, 1093
323, 92, -9.099999999999984, 1219
324, 272, -34.70000000000011, 1011
325, 180, -17.899999999999984, 1098
326, 114, -24.60000000000005, 1043
327, 107, -10.599999999999978, 1069
328, 416, -44.40000000000032, 1086
329, 729, -72.80000000000014, 1097
330, 158, -15.69999999999996, 1135
331, 241, -28.700000000000095, 982
332, 110, -15.39999999999997, 1012
333, 78, -13.49999999999999, 1184
334, 729, -88.1999999999992, 931
335, 100, -9.89999999999998, 1020
336, 308, -32.50000000000018, 1234
337, 108, -10.699999999999978, 1301
338, 386, -43.000000000000334, 935
339, 504, -59.00000000000044, 1079
340, 113, -11.199999999999976, 1177
341, 729, -72.80000000000014, 1126
342, 174, -22.700000000000063, 1123
343, 118, -14.599999999999975, 1553
344, 143, -15.999999999999966, 1124
345, 69, -9.699999999999992, 1138
346, 209, -36.100000000000094, 1128
347, 107, -15.09999999999998, 1312
348, 156, -15.499999999999961, 1107
349, 729, -75.49999999999999, 1082
350, 729, -94.39999999999877, 1120
351, 86, -11.19999999999998, 1081
352, 118, -11.699999999999974, 1207
353, 395, -40.30000000000029, 1173
354, 250, -24.900000000000084, 1165
355, 132, -14.899999999999963, 1292
356, 93, -9.199999999999983, 1210
357, 176, -22.900000000000077, 1044
358, 729, -75.69999999999997, 1110
359, 194, -19.300000000000004, 1186
360, 113, -11.199999999999976, 1485
361, 330, -36.700000000000266, 1275
362, 68, -6.699999999999992, 1171
363, 220, -26.400000000000052, 1094
364, 207, -22.40000000000005, 1194
365, 87, -8.599999999999985, 1670
366, 120, -11.899999999999974, 1093
367, 97, -9.599999999999982, 941
368, 325, -33.30000000000019, 1087
369, 729, -85.3999999999996, 1097
370, 164, -20.00000000000002, 1166
371, 120, -11.899999999999974, 1078
372, 120, -11.899999999999974, 1090
373, 137, -13.599999999999968, 1269
374, 657, -68.50000000000051, 1569
375, 436, -60.600000000000385, 1405
376, 100, -9.89999999999998, 992
377, 147, -20.900000000000052, 1135
378, 74, -7.29999999999999, 1053
379, 149, -17.699999999999992, 1056
380, 84, -8.299999999999986, 1067
381, 74, -7.29999999999999, 1282
382, 729, -72.80000000000014, 1219
383, 128, -12.69999999999997, 1096
384, 231, -31.100000000000165, 1067
385, 104, -10.29999999999998, 1068
386, 160, -15.89999999999996, 1146
387, 117, -21.600000000000048, 1019
388, 238, -23.700000000000067, 1262
389, 116, -11.499999999999975, 920
390, 71, -6.999999999999991, 1343
391, 113, -13.89999999999997, 1107
392, 222, -23.00000000000006, 1057
393, 253, -27.000000000000085, 1112
394, 135, -13.399999999999968, 1074
395, 729, -72.80000000000014, 1227
396, 205, -86.89999999999938, 972
397, 729, -72.80000000000014, 1058
398, 112, -11.099999999999977, 1076
399, 112, -11.099999999999977, 1142
400, 165, -16.399999999999963, 1358
401, 149, -14.799999999999963, 1608
402, 306, -48.50000000000028, 1693
403, 586, -96.29999999999944, 1171
404, 124, -21.00000000000003, 1149
405, 118, -11.699999999999974, 1519
406, 267, -26.600000000000108, 1331
407, 729, -79.49999999999973, 1383
408, 214, -21.300000000000033, 1271
409, 242, -24.100000000000072, 1125
410, 146, -20.000000000000036, 1181
411, 70, -6.8999999999999915, 1220
412, 350, -40.70000000000022, 1467
413, 222, -22.100000000000044, 1536
414, 729, -72.80000000000014, 1418
415, 91, -19.300000000000015, 1367
416, 92, -9.099999999999984, 1383
417, 301, -41.600000000000165, 1217
418, 78, -7.699999999999989, 1549
419, 97, -9.599999999999982, 2019
420, 142, -14.099999999999966, 2404
421, 189, -18.799999999999997, 2186
422, 65, -9.299999999999994, 1658
423, 71, -6.999999999999991, 1384
424, 186, -22.10000000000006, 1460
425, 334, -36.0000000000002, 1531
426, 98, -9.699999999999982, 1308
427, 135, -14.299999999999969, 1157
428, 729, -77.29999999999988, 1460
429, 64, -6.299999999999994, 1409
430, 66, -6.499999999999993, 1377
431, 70, -6.8999999999999915, 1213
432, 77, -9.499999999999988, 1511
433, 511, -60.900000000000475, 1254
434, 226, -22.50000000000005, 1274
435, 64, -6.299999999999994, 1322
436, 123, -12.199999999999973, 1472
437, 492, -70.60000000000012, 1328
438, 112, -11.099999999999977, 1414
439, 95, -9.399999999999983, 1406
440, 78, -7.699999999999989, 1398
441, 157, -15.59999999999996, 1482
442, 122, -12.099999999999973, 1326
443, 729, -72.80000000000014, 1533
444, 98, -9.699999999999982, 1341
445, 166, -16.499999999999964, 1338
446, 54, -5.299999999999997, 1376
447, 72, -10.899999999999988, 1331
448, 104, -10.29999999999998, 1455
449, 70, -6.8999999999999915, 1319
450, 71, -6.999999999999991, 1344
451, 729, -72.80000000000014, 1331
452, 131, -15.89999999999997, 1326
453, 144, -18.1, 1236
454, 149, -14.799999999999963, 1351
455, 73, -7.19999999999999, 1265
456, 359, -36.70000000000024, 1579
457, 92, -9.099999999999984, 1396
458, 159, -15.79999999999996, 1328
459, 133, -18.90000000000002, 1291
460, 152, -19.80000000000001, 1458
461, 90, -8.899999999999984, 1400
462, 83, -8.199999999999987, 1531
463, 63, -6.199999999999994, 1519
464, 89, -8.799999999999985, 1363
465, 104, -10.29999999999998, 1400
466, 174, -19.10000000000001, 1342
467, 307, -32.400000000000176, 1377
468, 86, -8.499999999999986, 1285
469, 521, -52.00000000000047, 1596
470, 375, -52.00000000000031, 1351
471, 137, -16.29999999999997, 1294
472, 141, -16.699999999999974, 1250
473, 60, -8.799999999999995, 1265
474, 166, -16.499999999999964, 1449
475, 284, -42.700000000000294, 1280
476, 66, -6.499999999999993, 1401
477, 80, -7.899999999999988, 1221
478, 77, -7.599999999999989, 1298
479, 88, -10.599999999999985, 1408
480, 135, -27.700000000000053, 1259
481, 107, -10.599999999999978, 1611
482, 57, -5.599999999999996, 1391
483, 87, -8.599999999999985, 1350
484, 119, -11.799999999999974, 1278
485, 213, -27.00000000000003, 1478
486, 97, -9.599999999999982, 1550
487, 66, -6.499999999999993, 1371
488, 76, -7.499999999999989, 1448
489, 136, -13.499999999999968, 1357
490, 75, -7.39999999999999, 1373
491, 74, -7.29999999999999, 1494
492, 60, -11.699999999999996, 1220
493, 80, -7.899999999999988, 1568
494, 83, -8.199999999999987, 1307
495, 56, -5.4999999999999964, 1173
496, 216, -22.400000000000052, 1540
497, 70, -6.8999999999999915, 1390
498, 83, -8.199999999999987, 1381
499, 71, -6.999999999999991, 1493
500, 80, -7.899999999999988, 1397
501, 76, -7.499999999999989, 1431
502, 105, -10.399999999999979, 1294
503, 139, -14.699999999999964, 1438
504, 94, -12.899999999999977, 1618
505, 73, -7.19999999999999, 1389
506, 62, -6.099999999999994, 1565
507, 77, -7.599999999999989, 1440
508, 87, -8.599999999999985, 1593
509, 89, -8.799999999999985, 1296
510, 118, -11.699999999999974, 1500
511, 69, -6.799999999999992, 1357
512, 91, -8.999999999999984, 1647
513, 729, -72.80000000000014, 1327
514, 190, -18.9, 1352
515, 166, -17.39999999999998, 1499
516, 77, -10.49999999999999, 1402
517, 111, -10.999999999999977, 1726
518, 131, -12.99999999999997, 1580
519, 729, -103.69999999999858, 1188
520, 68, -6.699999999999992, 1335
521, 729, -72.80000000000014, 1272
522, 729, -76.39999999999993, 1348
523, 182, -21.700000000000053, 1646
524, 114, -17.099999999999994, 1418
525, 194, -19.300000000000004, 1250
526, 67, -6.5999999999999925, 1253
527, 100, -9.89999999999998, 1412
528, 81, -7.999999999999988, 1624
529, 109, -11.699999999999978, 1267
530, 76, -7.499999999999989, 1341
531, 59, -5.799999999999995, 1413
532, 89, -8.799999999999985, 1261
533, 107, -23.00000000000005, 1446
534, 107, -23.900000000000077, 1400
535, 76, -7.499999999999989, 1285
536, 80, -7.899999999999988, 1309
537, 188, -18.699999999999996, 1397
538, 729, -95.99999999999879, 1510
539, 106, -20.400000000000052, 1344
540, 60, -7.79999999999999, 1593
541, 83, -8.199999999999987, 1530
542, 92, -9.099999999999984, 1386
543, 77, -7.599999999999989, 1445
544, 541, -65.50000000000048, 1564
545, 230, -26.50000000000012, 1437
546, 70, -8.799999999999986, 1563
547, 73, -8.099999999999987, 1295
548, 110, -10.899999999999977, 1816
549, 57, -5.599999999999996, 1526
550, 224, -25.200000000000045, 1462
551, 122, -12.099999999999973, 1341
552, 125, -14.299999999999972, 1414
553, 118, -11.699999999999974, 1369
554, 72, -7.099999999999991, 1690
555, 729, -79.09999999999968, 1385
556, 65, -6.399999999999993, 1398
557, 100, -9.89999999999998, 1391
558, 72, -7.099999999999991, 1477
559, 69, -6.799999999999992, 1369
560, 61, -5.999999999999995, 1501
561, 197, -21.500000000000043, 1526
562, 56, -5.4999999999999964, 1337
563, 130, -12.89999999999997, 1327
564, 392, -41.000000000000284, 1313
565, 182, -18.099999999999987, 1443
566, 214, -23.200000000000067, 1317
567, 63, -6.199999999999994, 1259
568, 125, -12.399999999999972, 1430
569, 61, -5.999999999999995, 1272
570, 70, -6.8999999999999915, 1420
571, 90, -8.899999999999984, 1312
572, 66, -6.499999999999993, 1357
573, 58, -5.699999999999996, 1505
574, 101, -9.99999999999998, 1394
575, 67, -6.5999999999999925, 1406
576, 729, -72.80000000000014, 1500
577, 79, -7.799999999999988, 1512
578, 122, -37.000000000000085, 1283
579, 69, -6.799999999999992, 1377
580, 213, -23.00000000000006, 1406
581, 90, -11.799999999999985, 1398
582, 729, -96.49999999999918, 1520
583, 74, -7.29999999999999, 1615
584, 163, -22.0, 1229
585, 76, -7.499999999999989, 1482
586, 91, -8.999999999999984, 1353
587, 158, -15.69999999999996, 1388
588, 58, -5.699999999999996, 1585
589, 64, -6.299999999999994, 1254
590, 68, -6.699999999999992, 1466
591, 208, -32.30000000000002, 1480
592, 84, -9.199999999999983, 1418
593, 80, -7.899999999999988, 1803
594, 114, -24.8000000000001, 1304
595, 70, -6.8999999999999915, 1473
596, 115, -12.299999999999976, 1442
597, 78, -7.699999999999989, 1312
598, 67, -6.5999999999999925, 1296
599, 62, -8.999999999999995, 1337
600, 68, -6.699999999999992, 1325
601, 368, -36.70000000000025, 1393
602, 729, -72.80000000000014, 1349
603, 75, -7.39999999999999, 1490
604, 270, -26.900000000000112, 1365
605, 81, -7.999999999999988, 1318
606, 223, -22.200000000000045, 1365
607, 113, -13.099999999999977, 1390
608, 111, -13.899999999999977, 1594
609, 84, -8.299999999999986, 1464
610, 337, -33.60000000000021, 1348
611, 60, -5.899999999999995, 1388
612, 128, -12.69999999999997, 1440
613, 99, -9.799999999999981, 1336
614, 274, -27.300000000000118, 1373
615, 84, -8.299999999999986, 1420
616, 212, -36.300000000000246, 1340
617, 74, -7.29999999999999, 1682
618, 103, -10.19999999999998, 1381
619, 729, -89.89999999999934, 1446
620, 75, -16.09999999999999, 1384
621, 142, -14.099999999999966, 1360
622, 729, -72.80000000000014, 1488
623, 109, -10.799999999999978, 1430
624, 174, -17.299999999999976, 1503
625, 254, -28.200000000000088, 1493
626, 89, -8.799999999999985, 1557
627, 80, -7.899999999999988, 1556
628, 729, -72.80000000000014, 1528
629, 58, -5.699999999999996, 1512
630, 90, -8.899999999999984, 1481
631, 70, -6.8999999999999915, 1415
632, 102, -12.99999999999998, 1513
633, 142, -83.69999999999976, 1342
634, 80, -7.899999999999988, 1397
635, 400, -39.9000000000003, 1321
636, 65, -6.399999999999993, 1527
637, 69, -6.799999999999992, 1317
638, 729, -72.80000000000014, 1717
639, 237, -23.600000000000065, 1408
640, 729, -87.29999999999974, 1460
641, 533, -83.69999999999987, 1307
642, 186, -18.499999999999993, 1343
643, 83, -8.199999999999987, 1565
644, 108, -10.699999999999978, 1597
645, 183, -25.400000000000077, 1538
646, 368, -38.60000000000025, 1477
647, 100, -19.50000000000004, 1522
648, 77, -7.599999999999989, 1491
649, 66, -6.499999999999993, 1523
650, 74, -10.19999999999999, 1549
651, 200, -19.900000000000013, 1396
652, 59, -5.799999999999995, 1478
653, 83, -8.199999999999987, 1598
654, 90, -8.899999999999984, 1438
655, 154, -21.900000000000034, 1286
656, 81, -7.999999999999988, 1455
657, 340, -38.40000000000027, 1454
658, 74, -7.29999999999999, 1686
659, 115, -17.199999999999996, 1530
660, 62, -6.099999999999994, 1680
661, 75, -7.39999999999999, 2296
662, 82, -8.099999999999987, 1350
663, 123, -14.099999999999973, 1333
664, 121, -15.799999999999974, 1489
665, 230, -24.800000000000054, 1452
666, 83, -8.199999999999987, 1390
667, 73, -7.19999999999999, 1608
668, 57, -8.499999999999996, 1316
669, 67, -6.5999999999999925, 1677
670, 99, -9.799999999999981, 1774
671, 72, -7.999999999999988, 1488
672, 68, -13.199999999999982, 1673
673, 72, -7.099999999999991, 1491
674, 65, -6.399999999999993, 1550
675, 87, -8.599999999999985, 1486
676, 125, -12.399999999999972, 1596
677, 74, -7.29999999999999, 1704
678, 537, -62.200000000000486, 1436
679, 71, -6.999999999999991, 1391
680, 163, -16.19999999999996, 1500
681, 74, -7.29999999999999, 1339
682, 71, -6.999999999999991, 1384
683, 65, -7.299999999999989, 1339
684, 57, -5.599999999999996, 1625
685, 138, -14.599999999999968, 1405
686, 83, -8.199999999999987, 1448
687, 61, -5.999999999999995, 1513
688, 63, -6.199999999999994, 1303
689, 77, -7.599999999999989, 1461
690, 474, -47.3000000000004, 1393
691, 282, -33.900000000000176, 1309
692, 705, -94.29999999999994, 1389
693, 106, -10.499999999999979, 1411
694, 71, -6.999999999999991, 1544
695, 90, -17.600000000000012, 1396
696, 63, -6.199999999999994, 1253
697, 171, -19.899999999999988, 1409
698, 117, -14.499999999999975, 1538
699, 108, -13.599999999999978, 1434
700, 78, -10.599999999999989, 1549
701, 127, -12.599999999999971, 1414
702, 217, -21.600000000000037, 1457
703, 93, -9.199999999999983, 1532
704, 56, -5.4999999999999964, 1450
705, 70, -6.8999999999999915, 1601
706, 60, -5.899999999999995, 1707
707, 80, -10.799999999999988, 1410
708, 62, -6.099999999999994, 1551
709, 86, -15.199999999999983, 1515
710, 70, -6.8999999999999915, 1437
711, 104, -10.29999999999998, 1480
712, 97, -9.599999999999982, 1533
713, 78, -13.49999999999999, 1660
714, 71, -6.999999999999991, 1371
715, 65, -6.399999999999993, 1353
716, 85, -11.299999999999986, 1509
717, 72, -7.099999999999991, 1480
718, 73, -12.999999999999991, 1423
719, 167, -28.200000000000067, 1686
720, 104, -10.29999999999998, 1531
721, 60, -5.899999999999995, 1348
722, 167, -19.500000000000004, 1419
723, 75, -7.39999999999999, 1563
724, 54, -5.299999999999997, 1317
725, 72, -7.099999999999991, 1593
726, 72, -7.099999999999991, 1467
727, 163, -19.099999999999998, 1475
728, 92, -9.099999999999984, 1505
729, 230, -25.800000000000107, 1531
730, 70, -6.8999999999999915, 1811
731, 63, -7.999999999999987, 1416
732, 262, -30.600000000000172, 1393
733, 729, -86.0999999999993, 1435
734, 62, -6.099999999999994, 1638
735, 60, -5.899999999999995, 1661
736, 79, -7.799999999999988, 1693
737, 152, -15.099999999999962, 1567
738, 66, -6.499999999999993, 1605
739, 78, -7.699999999999989, 1433
740, 338, -34.60000000000022, 1551
741, 66, -6.499999999999993, 1335
742, 729, -75.69999999999993, 1440
743, 65, -6.399999999999993, 1637
744, 75, -7.39999999999999, 1395
745, 69, -6.799999999999992, 1905
746, 128, -12.69999999999997, 1591
747, 60, -5.899999999999995, 1650
748, 112, -11.099999999999977, 1479
749, 97, -9.599999999999982, 1561
750, 86, -8.499999999999986, 1653
751, 75, -10.29999999999999, 1953
752, 62, -6.099999999999994, 1662
753, 168, -22.50000000000007, 1486
754, 214, -21.300000000000033, 1583
755, 66, -6.499999999999993, 1713
756, 421, -59.40000000000032, 1486
757, 234, -23.30000000000006, 1594
758, 63, -9.099999999999994, 1628
759, 82, -8.099999999999987, 1631
760, 122, -12.099999999999973, 1549
761, 61, -5.999999999999995, 1440
762, 64, -6.299999999999994, 1407
763, 82, -8.099999999999987, 1681
764, 81, -7.999999999999988, 1635
765, 89, -8.799999999999985, 1603
766, 71, -6.999999999999991, 1531
767, 77, -7.599999999999989, 1511
768, 74, -7.29999999999999, 1589
769, 191, -19.0, 1410
770, 79, -7.799999999999988, 1434
771, 95, -9.399999999999983, 1489
772, 83, -8.199999999999987, 1529
773, 79, -7.799999999999988, 1575
774, 68, -6.699999999999992, 1541
775, 71, -6.999999999999991, 1555
776, 729, -109.09999999999815, 1456
777, 63, -6.199999999999994, 1675
778, 68, -6.699999999999992, 1620
779, 69, -6.799999999999992, 1548
780, 72, -7.099999999999991, 1594
781, 69, -6.799999999999992, 1592
782, 75, -13.19999999999999, 1427
783, 175, -31.800000000000093, 1585
784, 136, -16.399999999999974, 1661
785, 82, -8.099999999999987, 1586
786, 238, -26.600000000000065, 1488
787, 73, -9.099999999999985, 1599
788, 377, -37.600000000000264, 1710
789, 66, -6.499999999999993, 1453
790, 365, -41.80000000000029, 1643
791, 128, -12.69999999999997, 1409
792, 72, -12.899999999999991, 1579
793, 63, -6.199999999999994, 1590
794, 74, -9.999999999999984, 1445
795, 67, -6.5999999999999925, 1563
796, 80, -7.899999999999988, 1654
797, 64, -6.299999999999994, 1529
798, 65, -6.399999999999993, 1739
799, 66, -6.499999999999993, 1390
800, 69, -6.799999999999992, 1508
801, 180, -18.799999999999997, 1455
802, 56, -5.4999999999999964, 1865
803, 231, -134.99999999999966, 1470
804, 63, -6.199999999999994, 1583
805, 322, -45.400000000000176, 1478
806, 66, -6.499999999999993, 1781
807, 63, -6.199999999999994, 1578
808, 181, -38.3, 1383
809, 729, -72.80000000000014, 1612
810, 136, -36.700000000000045, 1352
811, 104, -10.29999999999998, 1524
812, 73, -7.19999999999999, 1473
813, 334, -33.3000000000002, 1434
814, 70, -9.799999999999992, 1527
815, 134, -13.299999999999969, 1611
816, 65, -6.399999999999993, 1641
817, 391, -44.80000000000039, 1482
818, 113, -11.199999999999976, 1648
819, 147, -29.10000000000009, 1421
820, 57, -5.599999999999996, 1493
821, 112, -11.099999999999977, 1645
822, 71, -9.899999999999991, 1955
823, 77, -10.49999999999999, 1629
824, 69, -6.799999999999992, 1886
825, 101, -12.699999999999974, 1652
826, 61, -5.999999999999995, 1887
827, 72, -7.099999999999991, 1780
828, 171, -16.99999999999997, 2183
829, 112, -11.099999999999977, 1565
830, 76, -10.39999999999999, 1603
831, 184, -21.200000000000003, 1491
832, 80, -10.799999999999988, 1480
833, 71, -6.999999999999991, 1535
834, 76, -7.499999999999989, 1765
835, 56, -5.4999999999999964, 1482
836, 125, -12.399999999999972, 1656
837, 93, -9.199999999999983, 1544
838, 67, -6.5999999999999925, 1501
839, 79, -7.799999999999988, 1531
840, 72, -9.999999999999991, 1582
841, 67, -6.5999999999999925, 1447
842, 66, -6.499999999999993, 1431
843, 76, -7.499999999999989, 1700
844, 647, -64.6000000000006, 1590
845, 59, -5.799999999999995, 1588
846, 66, -6.499999999999993, 1380
847, 146, -22.600000000000072, 1501
848, 57, -5.599999999999996, 1715
849, 73, -10.09999999999999, 1593
850, 73, -7.19999999999999, 1528
851, 729, -111.69999999999823, 1371
852, 59, -5.799999999999995, 1587
853, 61, -5.999999999999995, 1569
854, 134, -13.299999999999969, 1690
855, 126, -12.499999999999972, 1579
856, 83, -8.199999999999987, 1490
857, 70, -6.8999999999999915, 1632
858, 341, -34.00000000000021, 1543
859, 148, -19.40000000000002, 1602
860, 60, -5.899999999999995, 1784
861, 71, -15.699999999999992, 1634
862, 171, -22.700000000000074, 1452
863, 77, -10.49999999999999, 1695
864, 173, -19.900000000000023, 1695
865, 79, -7.799999999999988, 1578
866, 61, -5.999999999999995, 1709
867, 69, -9.699999999999992, 1557
868, 69, -6.799999999999992, 1568
869, 87, -11.499999999999986, 1604
870, 79, -7.799999999999988, 1684
871, 107, -13.499999999999979, 1638
872, 70, -6.8999999999999915, 1645
873, 73, -7.19999999999999, 1570
874, 67, -6.5999999999999925, 1780
875, 112, -13.999999999999977, 1575
876, 90, -12.699999999999985, 1854
877, 67, -6.5999999999999925, 1859
878, 124, -12.299999999999972, 1822
879, 72, -7.099999999999991, 1584
880, 309, -42.4000000000002, 1606
881, 193, -32.500000000000114, 1710
882, 119, -14.699999999999974, 1535
883, 95, -9.399999999999983, 1453
884, 58, -5.699999999999996, 1515
885, 75, -7.39999999999999, 1664
886, 198, -19.70000000000001, 1558
887, 66, -9.399999999999993, 1703
888, 139, -13.799999999999967, 1550
889, 315, -35.900000000000205, 1601
890, 85, -11.299999999999986, 1483
891, 212, -25.600000000000108, 1716
892, 62, -6.099999999999994, 1423
893, 171, -16.99999999999997, 1572
894, 68, -6.699999999999992, 1547
895, 82, -8.099999999999987, 1637
896, 68, -9.599999999999993, 1660
897, 121, -11.999999999999973, 1680
898, 95, -27.100000000000016, 1830
899, 165, -16.399999999999963, 1695
900, 71, -6.999999999999991, 1659
901, 302, -30.100000000000158, 1617
902, 107, -10.599999999999978, 1653
903, 90, -8.899999999999984, 1711
904, 68, -6.699999999999992, 1692
905, 59, -5.799999999999995, 1658
906, 67, -6.5999999999999925, 1495
907, 77, -7.599999999999989, 1594
908, 56, -5.4999999999999964, 1885
909, 68, -6.699999999999992, 1509
910, 80, -7.899999999999988, 1834
911, 70, -6.8999999999999915, 1689
912, 60, -5.899999999999995, 1616
913, 99, -15.599999999999982, 1807
914, 79, -7.799999999999988, 1649
915, 666, -66.5000000000005, 1831
916, 119, -13.699999999999974, 1607
917, 98, -9.699999999999982, 1524
918, 73, -7.19999999999999, 1621
919, 130, -12.89999999999997, 1485
920, 532, -58.80000000000048, 1549
921, 67, -6.5999999999999925, 1512
922, 129, -12.79999999999997, 1678
923, 80, -7.899999999999988, 1620
924, 222, -58.10000000000014, 1853
925, 104, -10.29999999999998, 1686
926, 65, -6.399999999999993, 1480
927, 167, -30.100000000000094, 1533
928, 57, -5.599999999999996, 1703
929, 63, -6.199999999999994, 1621
930, 251, -26.800000000000118, 1524
931, 353, -41.70000000000026, 1570
932, 83, -8.199999999999987, 1767
933, 79, -7.799999999999988, 1647
934, 61, -5.999999999999995, 1752
935, 79, -7.799999999999988, 1834
936, 75, -7.39999999999999, 1607
937, 144, -14.299999999999965, 1767
938, 87, -8.599999999999985, 1560
939, 83, -8.199999999999987, 2009
940, 73, -7.19999999999999, 1926
941, 76, -13.29999999999999, 1631
942, 86, -8.499999999999986, 1823
943, 64, -6.299999999999994, 1504
944, 155, -15.399999999999961, 1508
945, 242, -24.100000000000072, 1598
946, 82, -10.799999999999976, 1568
947, 161, -21.70000000000006, 1650
948, 74, -7.29999999999999, 1563
949, 126, -14.399999999999972, 1671
950, 82, -12.69999999999998, 1672
951, 55, -5.399999999999997, 1530
952, 304, -36.60000000000025, 1613
953, 71, -6.999999999999991, 1575
954, 73, -7.19999999999999, 2033
955, 729, -107.59999999999911, 1602
956, 117, -11.599999999999975, 1513
957, 92, -9.099999999999984, 1613
958, 68, -6.699999999999992, 1780
959, 115, -11.399999999999975, 1617
960, 116, -11.499999999999975, 1920
961, 94, -9.299999999999983, 1553
962, 82, -8.099999999999987, 1504
963, 75, -7.39999999999999, 1579
964, 55, -5.399999999999997, 1571
965, 74, -7.29999999999999, 1540
966, 72, -7.099999999999991, 1789
967, 105, -10.399999999999979, 1445
968, 93, -9.199999999999983, 1624
969, 67, -6.5999999999999925, 1637
970, 66, -6.499999999999993, 1671
971, 65, -6.399999999999993, 1873
972, 62, -6.099999999999994, 1569
973, 133, -13.199999999999969, 1738
974, 53, -5.1999999999999975, 1666
975, 62, -6.099999999999994, 1755
976, 171, -16.99999999999997, 1629
977, 78, -7.699999999999989, 1776
978, 180, -19.80000000000002, 1684
979, 165, -33.50000000000013, 1748
980, 245, -24.400000000000077, 1777
981, 88, -8.699999999999985, 1582
982, 104, -10.29999999999998, 1689
983, 63, -9.099999999999993, 1779
984, 71, -6.999999999999991, 1587
985, 134, -13.299999999999969, 1759
986, 68, -6.699999999999992, 1884
987, 81, -7.999999999999988, 1633
988, 121, -11.999999999999973, 1450
989, 84, -8.299999999999986, 1843
990, 729, -73.70000000000009, 1759
991, 164, -16.29999999999996, 1643
992, 61, -5.999999999999995, 1597
993, 729, -87.09999999999916, 1637
994, 59, -5.799999999999995, 1554
995, 81, -8.899999999999984, 1690
996, 184, -18.29999999999999, 1531
997, 94, -9.299999999999983, 1709
998, 72, -7.099999999999991, 1722
999, 61, -5.999999999999995, 1605
1000, 201, -20.000000000000014, 1734

Average Reward: -35.86279999999986
Average Number of Steps: 276
Minimum Number of Steps: 53
Average Time (in milliseconds): 1296